$ANSIBLE_VAULT;1.1;AES256
64353538653062323161363861326630376665383365646663346537396232653936316237393863
3131343230323234636638346136303138303035333434630a366134373830333164303030396132
64623265656238613063383162323565383862353834336266613732616337636266316436653739
6162656661323438340a623735643437663061313166333534356663386135636464363436653465
31336635346164613335326333323830383937653066386135636632313061386163373163393731
33353733393564326635613438663735323831333566353330316236383661333065396462336334
62653331343831346163623262343132346633376462636330316666383262396430613030626566
62326461383165653963353261393437343962633339313839363061636131343432326133623939
66323931333131643437646331346165313633613164333339393466363261303666366531613630
65353539633931653463613836363836336362343134623530363633613162646636343136666637
31656630373838616639313065333230383636636435353064356666623032623533623235343036
61353364306432633639343530333966623362616465326563656566346464626361613033316565
34323366623333616430393965353964333339653730623762613765313535636633643431393335
32303437316131653662333136336263346163623534626237303331343334343831623738363637
63313533616436323664343365616532636337366439636539623063333833656364363536343632
39303535616434346531653131663339333133663065653037393965643830323964333065356436
32643238373162663262646163646135656636323532643232646164323062386239396432656261
31646239393637383665343061393333636133396131356432623138666137346163636639303733
66353136383765306236393635343733393639613964646234633933366330343332626563306430
32623662336361626562303538383032653438306564646539643133353663643331336663656132
36343130376436653634303634636162623235363465323139323430343333623230353835353032
66343234383838636265653261623465666665326437323034303234316330343832323036313861
33633737623830356234346537656636663065623339613831333235653062633834396330323666
38376263653962663066313736613438666438353261613765653337623938366162326366623632
3466
