$ANSIBLE_VAULT;1.1;AES256
34656337373638356238666136333330613861346163656139643633373235396465626633386461
3132396163613432373838326630656237646438616562610a383162333632396365373532356565
33613338363830623866653365653438626338363038623266343036323636356132633966653438
3737656335633532620a656164306562326139316532623738363433633231626334643165343366
35313036653233336630326263656135393831346533363965393762346666626262663834356334
34373264653166353663656164393433663666636265333034386266393038373731656334353838
30343665663034316333376537616230363235306331363733376235663364323164653361346539
39303166303965323530393539363337623230323939623861313032333730633538386564316538
34326164313832613633386534666364353930666637316261373930623338366631613466323063
35663464306537623964373230316435323235323461616434626136396239306363613563303434
39323536346264313665633137616238323234303965346432343631333332353463343365343034
63343364303462316261363835396561303364303134343564353537633533633761353432323965
64306132356437636336653632303332633861383739663039663435346230333761313730633130
34346130636464326538393833643838373066666462353965346565383838343735323331646330
34313935393339383262343139663366636561646130623066306531356263663363353266333262
65353164316663626265363433356632396332343961653363616633386263656331373766363532
34316163626137396561333336326266303466386236636166643732643863346561366133376165
37386634613265663865623362636332613135396662343031656663363434313366326132373061
34303439316231633762663334316232376536383435386439376230373533383365303966646364
62343039376562343762373432653166386530356632643834363861306633373933336439306536
65636637656333633964653064333566653461666333626633373965353233333836626535386335
38326463323464323030633335373638646363646262643132666565306630663266313632333838
38653331386265323266386434343539366362383764356335303866346139623764363966363333
30636630393065343532646663393130613336323037653039653261363561616233393636636639
3564
